{
 "cells": [
  {
   "cell_type": "code",
   "execution_count": 1,
   "id": "4263c6f2-2128-4ae7-8971-7908c6dc7da6",
   "metadata": {},
   "outputs": [],
   "source": [
    "from covariance_matrix import CovarianceMatrix\n",
    "from datetime import date, timedelta\n",
    "import yfinance as yf"
   ]
  },
  {
   "cell_type": "code",
   "execution_count": 2,
   "id": "7ff6d098-6977-48bd-9b64-34f6342d554e",
   "metadata": {},
   "outputs": [],
   "source": [
    "universe = \"2024-01-01\""
   ]
  },
  {
   "cell_type": "code",
   "execution_count": 3,
   "id": "f4573bb1-dfa3-4926-b9be-d04eb5e1ad44",
   "metadata": {},
   "outputs": [],
   "source": [
    "symbol_list = ['GLD', 'HOOD', 'VTI', 'PYPL', 'V', 'RDDT', 'SPOT', 'NFLX', 'AAPL', 'UVXY']"
   ]
  },
  {
   "cell_type": "code",
   "execution_count": 4,
   "id": "dfb76ab0-51a5-447e-8b46-94fb34561059",
   "metadata": {},
   "outputs": [
    {
     "name": "stdout",
     "output_type": "stream",
     "text": [
      "YF.download() has changed argument auto_adjust default to True\n"
     ]
    },
    {
     "name": "stderr",
     "output_type": "stream",
     "text": [
      "[*********************100%***********************]  10 of 10 completed\n"
     ]
    }
   ],
   "source": [
    "test = CovarianceMatrix(symbol_list = symbol_list, start = universe, end = \"2025-01-01\")"
   ]
  },
  {
   "cell_type": "code",
   "execution_count": 5,
   "id": "3e867305-19cc-426a-b362-2ed6800ff3ee",
   "metadata": {},
   "outputs": [
    {
     "name": "stdout",
     "output_type": "stream",
     "text": [
      "Covariance Matrix of Returns:\n",
      "Covariance measures the directional relationship between two assets\n",
      "Presented as percentages\n"
     ]
    },
    {
     "data": {
      "text/html": [
       "<div>\n",
       "<style scoped>\n",
       "    .dataframe tbody tr th:only-of-type {\n",
       "        vertical-align: middle;\n",
       "    }\n",
       "\n",
       "    .dataframe tbody tr th {\n",
       "        vertical-align: top;\n",
       "    }\n",
       "\n",
       "    .dataframe thead th {\n",
       "        text-align: right;\n",
       "    }\n",
       "</style>\n",
       "<table border=\"1\" class=\"dataframe\">\n",
       "  <thead>\n",
       "    <tr style=\"text-align: right;\">\n",
       "      <th></th>\n",
       "      <th>GLD</th>\n",
       "      <th>HOOD</th>\n",
       "      <th>VTI</th>\n",
       "      <th>PYPL</th>\n",
       "      <th>V</th>\n",
       "      <th>RDDT</th>\n",
       "      <th>SPOT</th>\n",
       "      <th>NFLX</th>\n",
       "      <th>AAPL</th>\n",
       "      <th>UVXY</th>\n",
       "    </tr>\n",
       "  </thead>\n",
       "  <tbody>\n",
       "    <tr>\n",
       "      <th>GLD</th>\n",
       "      <td>0.010486</td>\n",
       "      <td>0.026661</td>\n",
       "      <td>0.006056</td>\n",
       "      <td>0.004301</td>\n",
       "      <td>0.002999</td>\n",
       "      <td>0.005726</td>\n",
       "      <td>0.004341</td>\n",
       "      <td>0.005877</td>\n",
       "      <td>0.003593</td>\n",
       "      <td>-0.023673</td>\n",
       "    </tr>\n",
       "    <tr>\n",
       "      <th>HOOD</th>\n",
       "      <td>0.026661</td>\n",
       "      <td>0.259735</td>\n",
       "      <td>0.035172</td>\n",
       "      <td>0.020362</td>\n",
       "      <td>0.012432</td>\n",
       "      <td>0.058735</td>\n",
       "      <td>0.04046</td>\n",
       "      <td>0.027933</td>\n",
       "      <td>0.029091</td>\n",
       "      <td>-0.22816</td>\n",
       "    </tr>\n",
       "    <tr>\n",
       "      <th>VTI</th>\n",
       "      <td>0.006056</td>\n",
       "      <td>0.035172</td>\n",
       "      <td>0.008718</td>\n",
       "      <td>0.008716</td>\n",
       "      <td>0.005478</td>\n",
       "      <td>0.010001</td>\n",
       "      <td>0.016</td>\n",
       "      <td>0.00947</td>\n",
       "      <td>0.007896</td>\n",
       "      <td>-0.049665</td>\n",
       "    </tr>\n",
       "    <tr>\n",
       "      <th>PYPL</th>\n",
       "      <td>0.004301</td>\n",
       "      <td>0.020362</td>\n",
       "      <td>0.008716</td>\n",
       "      <td>0.029273</td>\n",
       "      <td>0.010583</td>\n",
       "      <td>0.047925</td>\n",
       "      <td>0.021576</td>\n",
       "      <td>0.015138</td>\n",
       "      <td>0.003189</td>\n",
       "      <td>-0.054732</td>\n",
       "    </tr>\n",
       "    <tr>\n",
       "      <th>V</th>\n",
       "      <td>0.002999</td>\n",
       "      <td>0.012432</td>\n",
       "      <td>0.005478</td>\n",
       "      <td>0.010583</td>\n",
       "      <td>0.01489</td>\n",
       "      <td>0.002613</td>\n",
       "      <td>0.011589</td>\n",
       "      <td>0.005907</td>\n",
       "      <td>0.002127</td>\n",
       "      <td>-0.033796</td>\n",
       "    </tr>\n",
       "    <tr>\n",
       "      <th>RDDT</th>\n",
       "      <td>0.005726</td>\n",
       "      <td>0.058735</td>\n",
       "      <td>0.010001</td>\n",
       "      <td>0.047925</td>\n",
       "      <td>0.002613</td>\n",
       "      <td>0.329455</td>\n",
       "      <td>0.005109</td>\n",
       "      <td>0.019112</td>\n",
       "      <td>0.009193</td>\n",
       "      <td>-0.075485</td>\n",
       "    </tr>\n",
       "    <tr>\n",
       "      <th>SPOT</th>\n",
       "      <td>0.004341</td>\n",
       "      <td>0.04046</td>\n",
       "      <td>0.016</td>\n",
       "      <td>0.021576</td>\n",
       "      <td>0.011589</td>\n",
       "      <td>0.005109</td>\n",
       "      <td>0.109961</td>\n",
       "      <td>0.028777</td>\n",
       "      <td>0.013809</td>\n",
       "      <td>-0.090923</td>\n",
       "    </tr>\n",
       "    <tr>\n",
       "      <th>NFLX</th>\n",
       "      <td>0.005877</td>\n",
       "      <td>0.027933</td>\n",
       "      <td>0.00947</td>\n",
       "      <td>0.015138</td>\n",
       "      <td>0.005907</td>\n",
       "      <td>0.019112</td>\n",
       "      <td>0.028777</td>\n",
       "      <td>0.019509</td>\n",
       "      <td>0.00702</td>\n",
       "      <td>-0.051147</td>\n",
       "    </tr>\n",
       "    <tr>\n",
       "      <th>AAPL</th>\n",
       "      <td>0.003593</td>\n",
       "      <td>0.029091</td>\n",
       "      <td>0.007896</td>\n",
       "      <td>0.003189</td>\n",
       "      <td>0.002127</td>\n",
       "      <td>0.009193</td>\n",
       "      <td>0.013809</td>\n",
       "      <td>0.00702</td>\n",
       "      <td>0.018454</td>\n",
       "      <td>-0.052894</td>\n",
       "    </tr>\n",
       "    <tr>\n",
       "      <th>UVXY</th>\n",
       "      <td>-0.023673</td>\n",
       "      <td>-0.22816</td>\n",
       "      <td>-0.049665</td>\n",
       "      <td>-0.054732</td>\n",
       "      <td>-0.033796</td>\n",
       "      <td>-0.075485</td>\n",
       "      <td>-0.090923</td>\n",
       "      <td>-0.051147</td>\n",
       "      <td>-0.052894</td>\n",
       "      <td>0.378562</td>\n",
       "    </tr>\n",
       "  </tbody>\n",
       "</table>\n",
       "</div>"
      ],
      "text/plain": [
       "           GLD      HOOD       VTI      PYPL         V      RDDT      SPOT  \\\n",
       "GLD   0.010486  0.026661  0.006056  0.004301  0.002999  0.005726  0.004341   \n",
       "HOOD  0.026661  0.259735  0.035172  0.020362  0.012432  0.058735   0.04046   \n",
       "VTI   0.006056  0.035172  0.008718  0.008716  0.005478  0.010001     0.016   \n",
       "PYPL  0.004301  0.020362  0.008716  0.029273  0.010583  0.047925  0.021576   \n",
       "V     0.002999  0.012432  0.005478  0.010583   0.01489  0.002613  0.011589   \n",
       "RDDT  0.005726  0.058735  0.010001  0.047925  0.002613  0.329455  0.005109   \n",
       "SPOT  0.004341   0.04046     0.016  0.021576  0.011589  0.005109  0.109961   \n",
       "NFLX  0.005877  0.027933   0.00947  0.015138  0.005907  0.019112  0.028777   \n",
       "AAPL  0.003593  0.029091  0.007896  0.003189  0.002127  0.009193  0.013809   \n",
       "UVXY -0.023673  -0.22816 -0.049665 -0.054732 -0.033796 -0.075485 -0.090923   \n",
       "\n",
       "          NFLX      AAPL      UVXY  \n",
       "GLD   0.005877  0.003593 -0.023673  \n",
       "HOOD  0.027933  0.029091  -0.22816  \n",
       "VTI    0.00947  0.007896 -0.049665  \n",
       "PYPL  0.015138  0.003189 -0.054732  \n",
       "V     0.005907  0.002127 -0.033796  \n",
       "RDDT  0.019112  0.009193 -0.075485  \n",
       "SPOT  0.028777  0.013809 -0.090923  \n",
       "NFLX  0.019509   0.00702 -0.051147  \n",
       "AAPL   0.00702  0.018454 -0.052894  \n",
       "UVXY -0.051147 -0.052894  0.378562  "
      ]
     },
     "execution_count": 5,
     "metadata": {},
     "output_type": "execute_result"
    }
   ],
   "source": [
    "test.generate_covariance_matrix()"
   ]
  },
  {
   "cell_type": "code",
   "execution_count": 6,
   "id": "0ea97c5a-d3af-45cb-866e-1ecff3456679",
   "metadata": {},
   "outputs": [
    {
     "name": "stdout",
     "output_type": "stream",
     "text": [
      "Correlation Matrix of Returns:\n",
      "Correlation measures the strength of relationship between two assets\n",
      "Presented as percentages\n"
     ]
    },
    {
     "data": {
      "text/html": [
       "<div>\n",
       "<style scoped>\n",
       "    .dataframe tbody tr th:only-of-type {\n",
       "        vertical-align: middle;\n",
       "    }\n",
       "\n",
       "    .dataframe tbody tr th {\n",
       "        vertical-align: top;\n",
       "    }\n",
       "\n",
       "    .dataframe thead th {\n",
       "        text-align: right;\n",
       "    }\n",
       "</style>\n",
       "<table border=\"1\" class=\"dataframe\">\n",
       "  <thead>\n",
       "    <tr style=\"text-align: right;\">\n",
       "      <th></th>\n",
       "      <th>GLD</th>\n",
       "      <th>HOOD</th>\n",
       "      <th>VTI</th>\n",
       "      <th>PYPL</th>\n",
       "      <th>V</th>\n",
       "      <th>RDDT</th>\n",
       "      <th>SPOT</th>\n",
       "      <th>NFLX</th>\n",
       "      <th>AAPL</th>\n",
       "      <th>UVXY</th>\n",
       "    </tr>\n",
       "  </thead>\n",
       "  <tbody>\n",
       "    <tr>\n",
       "      <th>GLD</th>\n",
       "      <td>100</td>\n",
       "      <td>3.847943</td>\n",
       "      <td>0.16013</td>\n",
       "      <td>0.208422</td>\n",
       "      <td>0.103638</td>\n",
       "      <td>0.93081</td>\n",
       "      <td>0.407663</td>\n",
       "      <td>0.232485</td>\n",
       "      <td>0.138222</td>\n",
       "      <td>-4.124979</td>\n",
       "    </tr>\n",
       "    <tr>\n",
       "      <th>HOOD</th>\n",
       "      <td>0.155347</td>\n",
       "      <td>100</td>\n",
       "      <td>0.186864</td>\n",
       "      <td>0.198234</td>\n",
       "      <td>0.086326</td>\n",
       "      <td>1.918355</td>\n",
       "      <td>0.763441</td>\n",
       "      <td>0.222011</td>\n",
       "      <td>0.224872</td>\n",
       "      <td>-7.988037</td>\n",
       "    </tr>\n",
       "    <tr>\n",
       "      <th>VTI</th>\n",
       "      <td>0.192611</td>\n",
       "      <td>5.567507</td>\n",
       "      <td>100</td>\n",
       "      <td>0.463189</td>\n",
       "      <td>0.207609</td>\n",
       "      <td>1.782972</td>\n",
       "      <td>1.647959</td>\n",
       "      <td>0.41082</td>\n",
       "      <td>0.333147</td>\n",
       "      <td>-9.491087</td>\n",
       "    </tr>\n",
       "    <tr>\n",
       "      <th>PYPL</th>\n",
       "      <td>0.07466</td>\n",
       "      <td>1.758918</td>\n",
       "      <td>0.13794</td>\n",
       "      <td>100</td>\n",
       "      <td>0.218882</td>\n",
       "      <td>4.662574</td>\n",
       "      <td>1.212708</td>\n",
       "      <td>0.358379</td>\n",
       "      <td>0.073427</td>\n",
       "      <td>-5.707878</td>\n",
       "    </tr>\n",
       "    <tr>\n",
       "      <th>V</th>\n",
       "      <td>0.072982</td>\n",
       "      <td>1.50578</td>\n",
       "      <td>0.121544</td>\n",
       "      <td>0.430293</td>\n",
       "      <td>100</td>\n",
       "      <td>0.35643</td>\n",
       "      <td>0.913281</td>\n",
       "      <td>0.196095</td>\n",
       "      <td>0.068679</td>\n",
       "      <td>-4.941667</td>\n",
       "    </tr>\n",
       "    <tr>\n",
       "      <th>RDDT</th>\n",
       "      <td>0.029626</td>\n",
       "      <td>1.51239</td>\n",
       "      <td>0.047179</td>\n",
       "      <td>0.414279</td>\n",
       "      <td>0.01611</td>\n",
       "      <td>100</td>\n",
       "      <td>0.085588</td>\n",
       "      <td>0.134871</td>\n",
       "      <td>0.063093</td>\n",
       "      <td>-2.34654</td>\n",
       "    </tr>\n",
       "    <tr>\n",
       "      <th>SPOT</th>\n",
       "      <td>0.038875</td>\n",
       "      <td>1.803306</td>\n",
       "      <td>0.130649</td>\n",
       "      <td>0.322837</td>\n",
       "      <td>0.123673</td>\n",
       "      <td>0.256433</td>\n",
       "      <td>100</td>\n",
       "      <td>0.35151</td>\n",
       "      <td>0.164052</td>\n",
       "      <td>-4.89239</td>\n",
       "    </tr>\n",
       "    <tr>\n",
       "      <th>NFLX</th>\n",
       "      <td>0.124958</td>\n",
       "      <td>2.955746</td>\n",
       "      <td>0.183573</td>\n",
       "      <td>0.537734</td>\n",
       "      <td>0.149671</td>\n",
       "      <td>2.277598</td>\n",
       "      <td>1.981234</td>\n",
       "      <td>100</td>\n",
       "      <td>0.198005</td>\n",
       "      <td>-6.533879</td>\n",
       "    </tr>\n",
       "    <tr>\n",
       "      <th>AAPL</th>\n",
       "      <td>0.078539</td>\n",
       "      <td>3.16495</td>\n",
       "      <td>0.157374</td>\n",
       "      <td>0.116472</td>\n",
       "      <td>0.055416</td>\n",
       "      <td>1.126372</td>\n",
       "      <td>0.977508</td>\n",
       "      <td>0.209323</td>\n",
       "      <td>100</td>\n",
       "      <td>-6.947477</td>\n",
       "    </tr>\n",
       "    <tr>\n",
       "      <th>UVXY</th>\n",
       "      <td>-0.114259</td>\n",
       "      <td>-5.480667</td>\n",
       "      <td>-0.218562</td>\n",
       "      <td>-0.441368</td>\n",
       "      <td>-0.194377</td>\n",
       "      <td>-2.042146</td>\n",
       "      <td>-1.421087</td>\n",
       "      <td>-0.336723</td>\n",
       "      <td>-0.338679</td>\n",
       "      <td>100</td>\n",
       "    </tr>\n",
       "  </tbody>\n",
       "</table>\n",
       "</div>"
      ],
      "text/plain": [
       "           GLD      HOOD       VTI      PYPL         V      RDDT      SPOT  \\\n",
       "GLD        100  3.847943   0.16013  0.208422  0.103638   0.93081  0.407663   \n",
       "HOOD  0.155347       100  0.186864  0.198234  0.086326  1.918355  0.763441   \n",
       "VTI   0.192611  5.567507       100  0.463189  0.207609  1.782972  1.647959   \n",
       "PYPL   0.07466  1.758918   0.13794       100  0.218882  4.662574  1.212708   \n",
       "V     0.072982   1.50578  0.121544  0.430293       100   0.35643  0.913281   \n",
       "RDDT  0.029626   1.51239  0.047179  0.414279   0.01611       100  0.085588   \n",
       "SPOT  0.038875  1.803306  0.130649  0.322837  0.123673  0.256433       100   \n",
       "NFLX  0.124958  2.955746  0.183573  0.537734  0.149671  2.277598  1.981234   \n",
       "AAPL  0.078539   3.16495  0.157374  0.116472  0.055416  1.126372  0.977508   \n",
       "UVXY -0.114259 -5.480667 -0.218562 -0.441368 -0.194377 -2.042146 -1.421087   \n",
       "\n",
       "          NFLX      AAPL      UVXY  \n",
       "GLD   0.232485  0.138222 -4.124979  \n",
       "HOOD  0.222011  0.224872 -7.988037  \n",
       "VTI    0.41082  0.333147 -9.491087  \n",
       "PYPL  0.358379  0.073427 -5.707878  \n",
       "V     0.196095  0.068679 -4.941667  \n",
       "RDDT  0.134871  0.063093  -2.34654  \n",
       "SPOT   0.35151  0.164052  -4.89239  \n",
       "NFLX       100  0.198005 -6.533879  \n",
       "AAPL  0.209323       100 -6.947477  \n",
       "UVXY -0.336723 -0.338679       100  "
      ]
     },
     "execution_count": 6,
     "metadata": {},
     "output_type": "execute_result"
    }
   ],
   "source": [
    "test.generate_correlation_matrix()"
   ]
  },
  {
   "cell_type": "code",
   "execution_count": 7,
   "id": "65445edc-c6c1-4d4e-8444-15e5dfcfd932",
   "metadata": {},
   "outputs": [],
   "source": [
    "test.pairs_closest_to_0()"
   ]
  }
 ],
 "metadata": {
  "kernelspec": {
   "display_name": "Python 3 (ipykernel)",
   "language": "python",
   "name": "python3"
  },
  "language_info": {
   "codemirror_mode": {
    "name": "ipython",
    "version": 3
   },
   "file_extension": ".py",
   "mimetype": "text/x-python",
   "name": "python",
   "nbconvert_exporter": "python",
   "pygments_lexer": "ipython3",
   "version": "3.11.11"
  }
 },
 "nbformat": 4,
 "nbformat_minor": 5
}
