{
 "cells": [
  {
   "cell_type": "code",
   "execution_count": 1,
   "id": "4263c6f2-2128-4ae7-8971-7908c6dc7da6",
   "metadata": {},
   "outputs": [],
   "source": [
    "from covariance_matrix import CovarianceMatrix\n",
    "from datetime import date, timedelta\n",
    "import yfinance as yf"
   ]
  },
  {
   "cell_type": "code",
   "execution_count": 2,
   "id": "7ff6d098-6977-48bd-9b64-34f6342d554e",
   "metadata": {},
   "outputs": [],
   "source": [
    "universe = \"2024-01-01\""
   ]
  },
  {
   "cell_type": "code",
   "execution_count": 3,
   "id": "f4573bb1-dfa3-4926-b9be-d04eb5e1ad44",
   "metadata": {},
   "outputs": [],
   "source": [
    "symbol_list = ['GLD', 'HOOD', 'VTI', 'PYPL', 'V', 'RDDT', 'SPOT', 'NFLX', 'AAPL', 'UVXY']"
   ]
  },
  {
   "cell_type": "code",
   "execution_count": 4,
   "id": "dfb76ab0-51a5-447e-8b46-94fb34561059",
   "metadata": {},
   "outputs": [
    {
     "name": "stdout",
     "output_type": "stream",
     "text": [
      "YF.download() has changed argument auto_adjust default to True\n"
     ]
    },
    {
     "name": "stderr",
     "output_type": "stream",
     "text": [
      "[*********************100%***********************]  10 of 10 completed\n"
     ]
    }
   ],
   "source": [
    "test = CovarianceMatrix(symbol_list = symbol_list, start = universe, end = \"2025-01-01\")"
   ]
  },
  {
   "cell_type": "code",
   "execution_count": 5,
   "id": "3e867305-19cc-426a-b362-2ed6800ff3ee",
   "metadata": {},
   "outputs": [
    {
     "name": "stdout",
     "output_type": "stream",
     "text": [
      "Covariance Matrix of Returns:\n",
      "Covariance measures the directional relationship between two assets\n",
      "Presented as percentages\n"
     ]
    },
    {
     "data": {
      "text/html": [
       "<div>\n",
       "<style scoped>\n",
       "    .dataframe tbody tr th:only-of-type {\n",
       "        vertical-align: middle;\n",
       "    }\n",
       "\n",
       "    .dataframe tbody tr th {\n",
       "        vertical-align: top;\n",
       "    }\n",
       "\n",
       "    .dataframe thead th {\n",
       "        text-align: right;\n",
       "    }\n",
       "</style>\n",
       "<table border=\"1\" class=\"dataframe\">\n",
       "  <thead>\n",
       "    <tr style=\"text-align: right;\">\n",
       "      <th></th>\n",
       "      <th>GLD</th>\n",
       "      <th>HOOD</th>\n",
       "      <th>VTI</th>\n",
       "      <th>PYPL</th>\n",
       "      <th>V</th>\n",
       "      <th>RDDT</th>\n",
       "      <th>SPOT</th>\n",
       "      <th>NFLX</th>\n",
       "      <th>AAPL</th>\n",
       "      <th>UVXY</th>\n",
       "    </tr>\n",
       "  </thead>\n",
       "  <tbody>\n",
       "    <tr>\n",
       "      <th>GLD</th>\n",
       "      <td>0.010289</td>\n",
       "      <td>0.005071</td>\n",
       "      <td>0.002349</td>\n",
       "      <td>0.002276</td>\n",
       "      <td>0.000212</td>\n",
       "      <td>0.010983</td>\n",
       "      <td>0.004392</td>\n",
       "      <td>0.003883</td>\n",
       "      <td>0.00217</td>\n",
       "      <td>-0.009113</td>\n",
       "    </tr>\n",
       "    <tr>\n",
       "      <th>HOOD</th>\n",
       "      <td>0.005071</td>\n",
       "      <td>0.154933</td>\n",
       "      <td>0.020001</td>\n",
       "      <td>0.027529</td>\n",
       "      <td>0.01328</td>\n",
       "      <td>0.054556</td>\n",
       "      <td>0.024136</td>\n",
       "      <td>0.024166</td>\n",
       "      <td>0.01525</td>\n",
       "      <td>-0.156736</td>\n",
       "    </tr>\n",
       "    <tr>\n",
       "      <th>VTI</th>\n",
       "      <td>0.002349</td>\n",
       "      <td>0.020001</td>\n",
       "      <td>0.006981</td>\n",
       "      <td>0.007448</td>\n",
       "      <td>0.004036</td>\n",
       "      <td>0.012908</td>\n",
       "      <td>0.007006</td>\n",
       "      <td>0.007461</td>\n",
       "      <td>0.006461</td>\n",
       "      <td>-0.048957</td>\n",
       "    </tr>\n",
       "    <tr>\n",
       "      <th>PYPL</th>\n",
       "      <td>0.002276</td>\n",
       "      <td>0.027529</td>\n",
       "      <td>0.007448</td>\n",
       "      <td>0.036652</td>\n",
       "      <td>0.005922</td>\n",
       "      <td>0.015428</td>\n",
       "      <td>0.008544</td>\n",
       "      <td>0.006853</td>\n",
       "      <td>0.002909</td>\n",
       "      <td>-0.057013</td>\n",
       "    </tr>\n",
       "    <tr>\n",
       "      <th>V</th>\n",
       "      <td>0.000212</td>\n",
       "      <td>0.01328</td>\n",
       "      <td>0.004036</td>\n",
       "      <td>0.005922</td>\n",
       "      <td>0.012633</td>\n",
       "      <td>0.010269</td>\n",
       "      <td>0.000435</td>\n",
       "      <td>0.00322</td>\n",
       "      <td>0.002038</td>\n",
       "      <td>-0.03032</td>\n",
       "    </tr>\n",
       "    <tr>\n",
       "      <th>RDDT</th>\n",
       "      <td>0.010983</td>\n",
       "      <td>0.054556</td>\n",
       "      <td>0.012908</td>\n",
       "      <td>0.015428</td>\n",
       "      <td>0.010269</td>\n",
       "      <td>0.29387</td>\n",
       "      <td>0.018636</td>\n",
       "      <td>0.025504</td>\n",
       "      <td>0.010953</td>\n",
       "      <td>-0.071139</td>\n",
       "    </tr>\n",
       "    <tr>\n",
       "      <th>SPOT</th>\n",
       "      <td>0.004392</td>\n",
       "      <td>0.024136</td>\n",
       "      <td>0.007006</td>\n",
       "      <td>0.008544</td>\n",
       "      <td>0.000435</td>\n",
       "      <td>0.018636</td>\n",
       "      <td>0.05581</td>\n",
       "      <td>0.021364</td>\n",
       "      <td>0.006784</td>\n",
       "      <td>-0.04729</td>\n",
       "    </tr>\n",
       "    <tr>\n",
       "      <th>NFLX</th>\n",
       "      <td>0.003883</td>\n",
       "      <td>0.024166</td>\n",
       "      <td>0.007461</td>\n",
       "      <td>0.006853</td>\n",
       "      <td>0.00322</td>\n",
       "      <td>0.025504</td>\n",
       "      <td>0.021364</td>\n",
       "      <td>0.032403</td>\n",
       "      <td>0.00819</td>\n",
       "      <td>-0.051985</td>\n",
       "    </tr>\n",
       "    <tr>\n",
       "      <th>AAPL</th>\n",
       "      <td>0.00217</td>\n",
       "      <td>0.01525</td>\n",
       "      <td>0.006461</td>\n",
       "      <td>0.002909</td>\n",
       "      <td>0.002038</td>\n",
       "      <td>0.010953</td>\n",
       "      <td>0.006784</td>\n",
       "      <td>0.00819</td>\n",
       "      <td>0.020605</td>\n",
       "      <td>-0.048571</td>\n",
       "    </tr>\n",
       "    <tr>\n",
       "      <th>UVXY</th>\n",
       "      <td>-0.009113</td>\n",
       "      <td>-0.156736</td>\n",
       "      <td>-0.048957</td>\n",
       "      <td>-0.057013</td>\n",
       "      <td>-0.03032</td>\n",
       "      <td>-0.071139</td>\n",
       "      <td>-0.04729</td>\n",
       "      <td>-0.051985</td>\n",
       "      <td>-0.048571</td>\n",
       "      <td>0.579478</td>\n",
       "    </tr>\n",
       "  </tbody>\n",
       "</table>\n",
       "</div>"
      ],
      "text/plain": [
       "           GLD      HOOD       VTI      PYPL         V      RDDT      SPOT  \\\n",
       "GLD   0.010289  0.005071  0.002349  0.002276  0.000212  0.010983  0.004392   \n",
       "HOOD  0.005071  0.154933  0.020001  0.027529   0.01328  0.054556  0.024136   \n",
       "VTI   0.002349  0.020001  0.006981  0.007448  0.004036  0.012908  0.007006   \n",
       "PYPL  0.002276  0.027529  0.007448  0.036652  0.005922  0.015428  0.008544   \n",
       "V     0.000212   0.01328  0.004036  0.005922  0.012633  0.010269  0.000435   \n",
       "RDDT  0.010983  0.054556  0.012908  0.015428  0.010269   0.29387  0.018636   \n",
       "SPOT  0.004392  0.024136  0.007006  0.008544  0.000435  0.018636   0.05581   \n",
       "NFLX  0.003883  0.024166  0.007461  0.006853   0.00322  0.025504  0.021364   \n",
       "AAPL   0.00217   0.01525  0.006461  0.002909  0.002038  0.010953  0.006784   \n",
       "UVXY -0.009113 -0.156736 -0.048957 -0.057013  -0.03032 -0.071139  -0.04729   \n",
       "\n",
       "          NFLX      AAPL      UVXY  \n",
       "GLD   0.003883   0.00217 -0.009113  \n",
       "HOOD  0.024166   0.01525 -0.156736  \n",
       "VTI   0.007461  0.006461 -0.048957  \n",
       "PYPL  0.006853  0.002909 -0.057013  \n",
       "V      0.00322  0.002038  -0.03032  \n",
       "RDDT  0.025504  0.010953 -0.071139  \n",
       "SPOT  0.021364  0.006784  -0.04729  \n",
       "NFLX  0.032403   0.00819 -0.051985  \n",
       "AAPL   0.00819  0.020605 -0.048571  \n",
       "UVXY -0.051985 -0.048571  0.579478  "
      ]
     },
     "execution_count": 5,
     "metadata": {},
     "output_type": "execute_result"
    }
   ],
   "source": [
    "test.generate_covariance_matrix()"
   ]
  },
  {
   "cell_type": "code",
   "execution_count": 6,
   "id": "0ea97c5a-d3af-45cb-866e-1ecff3456679",
   "metadata": {},
   "outputs": [
    {
     "name": "stdout",
     "output_type": "stream",
     "text": [
      "Correlation Matrix of Returns:\n",
      "Correlation measures the strength of relationship between two assets\n",
      "Presented as percentages\n"
     ]
    },
    {
     "data": {
      "text/html": [
       "<div>\n",
       "<style scoped>\n",
       "    .dataframe tbody tr th:only-of-type {\n",
       "        vertical-align: middle;\n",
       "    }\n",
       "\n",
       "    .dataframe tbody tr th {\n",
       "        vertical-align: top;\n",
       "    }\n",
       "\n",
       "    .dataframe thead th {\n",
       "        text-align: right;\n",
       "    }\n",
       "</style>\n",
       "<table border=\"1\" class=\"dataframe\">\n",
       "  <thead>\n",
       "    <tr style=\"text-align: right;\">\n",
       "      <th></th>\n",
       "      <th>GLD</th>\n",
       "      <th>HOOD</th>\n",
       "      <th>VTI</th>\n",
       "      <th>PYPL</th>\n",
       "      <th>V</th>\n",
       "      <th>RDDT</th>\n",
       "      <th>SPOT</th>\n",
       "      <th>NFLX</th>\n",
       "      <th>AAPL</th>\n",
       "      <th>UVXY</th>\n",
       "    </tr>\n",
       "  </thead>\n",
       "  <tbody>\n",
       "    <tr>\n",
       "      <th>GLD</th>\n",
       "      <td>100</td>\n",
       "      <td>3.837371</td>\n",
       "      <td>0.377307</td>\n",
       "      <td>0.837797</td>\n",
       "      <td>0.045734</td>\n",
       "      <td>11.445235</td>\n",
       "      <td>1.994702</td>\n",
       "      <td>1.343823</td>\n",
       "      <td>0.598673</td>\n",
       "      <td>-13.336348</td>\n",
       "    </tr>\n",
       "    <tr>\n",
       "      <th>HOOD</th>\n",
       "      <td>0.254847</td>\n",
       "      <td>100</td>\n",
       "      <td>0.827868</td>\n",
       "      <td>2.611006</td>\n",
       "      <td>0.739447</td>\n",
       "      <td>14.651626</td>\n",
       "      <td>2.824746</td>\n",
       "      <td>2.155074</td>\n",
       "      <td>1.084493</td>\n",
       "      <td>-59.108387</td>\n",
       "    </tr>\n",
       "    <tr>\n",
       "      <th>VTI</th>\n",
       "      <td>0.556149</td>\n",
       "      <td>18.374359</td>\n",
       "      <td>100</td>\n",
       "      <td>3.327796</td>\n",
       "      <td>1.058802</td>\n",
       "      <td>16.331548</td>\n",
       "      <td>3.862632</td>\n",
       "      <td>3.134549</td>\n",
       "      <td>2.164627</td>\n",
       "      <td>-86.979546</td>\n",
       "    </tr>\n",
       "    <tr>\n",
       "      <th>PYPL</th>\n",
       "      <td>0.235196</td>\n",
       "      <td>11.037065</td>\n",
       "      <td>0.633799</td>\n",
       "      <td>100</td>\n",
       "      <td>0.677988</td>\n",
       "      <td>8.518854</td>\n",
       "      <td>2.055934</td>\n",
       "      <td>1.256399</td>\n",
       "      <td>0.425256</td>\n",
       "      <td>-44.205677</td>\n",
       "    </tr>\n",
       "    <tr>\n",
       "      <th>V</th>\n",
       "      <td>0.037249</td>\n",
       "      <td>9.068614</td>\n",
       "      <td>0.585056</td>\n",
       "      <td>1.967027</td>\n",
       "      <td>100</td>\n",
       "      <td>9.657899</td>\n",
       "      <td>0.178184</td>\n",
       "      <td>1.005457</td>\n",
       "      <td>0.507628</td>\n",
       "      <td>-40.042682</td>\n",
       "    </tr>\n",
       "    <tr>\n",
       "      <th>RDDT</th>\n",
       "      <td>0.400738</td>\n",
       "      <td>7.724587</td>\n",
       "      <td>0.387941</td>\n",
       "      <td>1.06249</td>\n",
       "      <td>0.415182</td>\n",
       "      <td>100</td>\n",
       "      <td>1.583658</td>\n",
       "      <td>1.651435</td>\n",
       "      <td>0.565576</td>\n",
       "      <td>-19.479747</td>\n",
       "    </tr>\n",
       "    <tr>\n",
       "      <th>SPOT</th>\n",
       "      <td>0.367755</td>\n",
       "      <td>7.841766</td>\n",
       "      <td>0.483133</td>\n",
       "      <td>1.350199</td>\n",
       "      <td>0.040334</td>\n",
       "      <td>8.338853</td>\n",
       "      <td>100</td>\n",
       "      <td>3.174255</td>\n",
       "      <td>0.803766</td>\n",
       "      <td>-29.71433</td>\n",
       "    </tr>\n",
       "    <tr>\n",
       "      <th>NFLX</th>\n",
       "      <td>0.42673</td>\n",
       "      <td>10.304505</td>\n",
       "      <td>0.675288</td>\n",
       "      <td>1.421172</td>\n",
       "      <td>0.392008</td>\n",
       "      <td>14.97742</td>\n",
       "      <td>5.467292</td>\n",
       "      <td>100</td>\n",
       "      <td>1.273559</td>\n",
       "      <td>-42.868426</td>\n",
       "    </tr>\n",
       "    <tr>\n",
       "      <th>AAPL</th>\n",
       "      <td>0.298952</td>\n",
       "      <td>8.154408</td>\n",
       "      <td>0.733327</td>\n",
       "      <td>0.756432</td>\n",
       "      <td>0.311227</td>\n",
       "      <td>8.066162</td>\n",
       "      <td>2.177013</td>\n",
       "      <td>2.002718</td>\n",
       "      <td>100</td>\n",
       "      <td>-50.226912</td>\n",
       "    </tr>\n",
       "    <tr>\n",
       "      <th>UVXY</th>\n",
       "      <td>-0.236805</td>\n",
       "      <td>-15.803625</td>\n",
       "      <td>-1.047789</td>\n",
       "      <td>-2.796018</td>\n",
       "      <td>-0.872965</td>\n",
       "      <td>-9.878738</td>\n",
       "      <td>-2.861799</td>\n",
       "      <td>-2.397067</td>\n",
       "      <td>-1.785988</td>\n",
       "      <td>100</td>\n",
       "    </tr>\n",
       "  </tbody>\n",
       "</table>\n",
       "</div>"
      ],
      "text/plain": [
       "           GLD       HOOD       VTI      PYPL         V       RDDT      SPOT  \\\n",
       "GLD        100   3.837371  0.377307  0.837797  0.045734  11.445235  1.994702   \n",
       "HOOD  0.254847        100  0.827868  2.611006  0.739447  14.651626  2.824746   \n",
       "VTI   0.556149  18.374359       100  3.327796  1.058802  16.331548  3.862632   \n",
       "PYPL  0.235196  11.037065  0.633799       100  0.677988   8.518854  2.055934   \n",
       "V     0.037249   9.068614  0.585056  1.967027       100   9.657899  0.178184   \n",
       "RDDT  0.400738   7.724587  0.387941   1.06249  0.415182        100  1.583658   \n",
       "SPOT  0.367755   7.841766  0.483133  1.350199  0.040334   8.338853       100   \n",
       "NFLX   0.42673  10.304505  0.675288  1.421172  0.392008   14.97742  5.467292   \n",
       "AAPL  0.298952   8.154408  0.733327  0.756432  0.311227   8.066162  2.177013   \n",
       "UVXY -0.236805 -15.803625 -1.047789 -2.796018 -0.872965  -9.878738 -2.861799   \n",
       "\n",
       "          NFLX      AAPL       UVXY  \n",
       "GLD   1.343823  0.598673 -13.336348  \n",
       "HOOD  2.155074  1.084493 -59.108387  \n",
       "VTI   3.134549  2.164627 -86.979546  \n",
       "PYPL  1.256399  0.425256 -44.205677  \n",
       "V     1.005457  0.507628 -40.042682  \n",
       "RDDT  1.651435  0.565576 -19.479747  \n",
       "SPOT  3.174255  0.803766  -29.71433  \n",
       "NFLX       100  1.273559 -42.868426  \n",
       "AAPL  2.002718       100 -50.226912  \n",
       "UVXY -2.397067 -1.785988        100  "
      ]
     },
     "execution_count": 6,
     "metadata": {},
     "output_type": "execute_result"
    }
   ],
   "source": [
    "test.generate_correlation_matrix()"
   ]
  },
  {
   "cell_type": "code",
   "execution_count": 7,
   "id": "65445edc-c6c1-4d4e-8444-15e5dfcfd932",
   "metadata": {},
   "outputs": [],
   "source": [
    "test.pairs_closest_to_0()"
   ]
  }
 ],
 "metadata": {
  "kernelspec": {
   "display_name": "Python 3 (ipykernel)",
   "language": "python",
   "name": "python3"
  },
  "language_info": {
   "codemirror_mode": {
    "name": "ipython",
    "version": 3
   },
   "file_extension": ".py",
   "mimetype": "text/x-python",
   "name": "python",
   "nbconvert_exporter": "python",
   "pygments_lexer": "ipython3",
   "version": "3.11.11"
  }
 },
 "nbformat": 4,
 "nbformat_minor": 5
}
